•Observação:
1) As posições do portão lá embaixo farão com que os objetos abram rotacionando, como pode-se observar em algumas das imagens do album...
2)Album: http://imgur.com/a/KQnZl
 
•Objetos:
CreateDynamicObject(11695, 2315.63184, -204.17422, -17.33650,   0.00000, 0.00000, 90.00000, -1, -1, -1, 200.0, 0.0);
CreateDynamicObject(19849, 2242.80713, -241.38049, 15.20520,   0.00000, 0.00000, 90.00000, -1, -1, -1, 200.0, 0.0);
CreateDynamicObject(19377, 2211.59790, -249.85970, 9.95160,   -0.00800, 0.00000, 0.00000, -1, -1, -1, 200.0, 0.0);
CreateDynamicObject(19377, 2211.59961, -240.22701, 9.95160,   -0.00800, 0.00000, 0.00000, -1, -1, -1, 200.0, 0.0);
CreateDynamicObject(19377, 2211.65356, -230.59840, 10.16360,   -0.00800, 0.00000, 0.00000, -1, -1, -1, 200.0, 0.0);
CreateDynamicObject(19378, 2211.65430, -222.74760, 9.95160,   -0.00800, 0.00000, 0.00000, -1, -1, -1, 200.0, 0.0);
CreateDynamicObject(19378, 2211.67993, -213.13783, 9.94960,   -0.00800, 0.00000, 0.00000, -1, -1, -1, 200.0, 0.0);
CreateDynamicObject(19378, 2216.83789, -222.74937, 15.11460,   -0.00800, 90.00000, 0.00000, -1, -1, -1, 200.0, 0.0);
CreateDynamicObject(19378, 2216.83594, -213.12183, 15.11360,   -0.00800, 90.00000, 0.00000, -1, -1, -1, 200.0, 0.0);
CreateDynamicObject(19378, 2227.32031, -222.74519, 15.11460,   -0.00800, 90.00000, 0.00000, -1, -1, -1, 200.0, 0.0);
CreateDynamicObject(19378, 2227.31812, -213.11259, 15.11360,   -0.00800, 90.00000, 0.00000, -1, -1, -1, 200.0, 0.0);
CreateDynamicObject(19378, 2237.82349, -222.72543, 15.11460,   -0.00800, 90.00000, 0.00000, -1, -1, -1, 200.0, 0.0);
CreateDynamicObject(19378, 2237.81812, -213.11259, 15.11360,   -0.00800, 90.00000, 0.00000, -1, -1, -1, 200.0, 0.0);
CreateDynamicObject(19378, 2216.40381, -208.40269, 9.94960,   -0.00800, 0.00000, 90.00000, -1, -1, -1, 200.0, 0.0);
CreateDynamicObject(19378, 2226.01416, -208.38409, 9.94960,   -0.00800, 0.00000, 90.00000, -1, -1, -1, 200.0, 0.0);
CreateDynamicObject(19378, 2235.64941, -208.38451, 9.94960,   -0.00800, 0.00000, 90.00000, -1, -1, -1, 200.0, 0.0);
CreateDynamicObject(3361, 2220.66577, -205.16570, 8.44460,   0.00000, 0.00000, 178.00000, -1, -1, -1, 200.0, 0.0);
CreateDynamicObject(11493, 2212.60693, -203.59697, 4.12040,   0.00000, 0.00000, -80.00000, -1, -1, -1, 200.0, 0.0);
CreateDynamicObject(3361, 2228.38525, -205.43982, 12.65360,   0.00000, 0.00000, 178.00000, -1, -1, -1, 200.0, 0.0);
CreateDynamicObject(11494, 2196.49072, -207.11452, 1.32710,   0.00000, 0.00000, -80.00000, -1, -1, -1, 200.0, 0.0);
CreateDynamicObject(19378, 2211.67432, -213.11870, -0.55040,   -0.00800, 0.00000, 0.00000, -1, -1, -1, 200.0, 0.0);
CreateDynamicObject(19378, 2211.65430, -222.74760, -0.54840,   -0.00800, 0.00000, 0.00000, -1, -1, -1, 200.0, 0.0);
CreateDynamicObject(19378, 2216.38477, -208.38400, -0.55040,   -0.00800, 0.00000, 90.00000, -1, -1, -1, 200.0, 0.0);
CreateDynamicObject(19378, 2226.01416, -208.38409, -0.55040,   -0.00800, 0.00000, 90.00000, -1, -1, -1, 200.0, 0.0);
CreateDynamicObject(11495, 2195.16821, -219.86449, 1.12410,   0.00000, 0.00000, -32.00000, -1, -1, -1, 200.0, 0.0);
CreateDynamicObject(3606, 2265.45288, -243.02631, 18.69500,   0.00000, 0.00000, 270.00000, -1, -1, -1, 200.0, 0.0);
CreateDynamicObject(19831, 2240.30078, -252.99326, 15.19500,   0.00000, 0.00000, 180.00000, -1, -1, -1, 200.0, 0.0);
CreateDynamicObject(19878, 2243.43018, -228.72313, 15.25930,   0.00000, 0.00000, 0.00000, -1, -1, -1, 200.0, 0.0);
CreateDynamicObject(19456, 2280.71997, -263.34161, 16.90850,   0.00000, 0.00000, 0.00000, -1, -1, -1, 200.0, 0.0);
CreateDynamicObject(19456, 2280.72070, -253.70911, 16.90850,   0.00000, 0.00000, 0.00000, -1, -1, -1, 200.0, 0.0);
CreateDynamicObject(19454, 2221.46387, -256.91440, 13.77700,   0.00000, 0.00000, 90.00000, -1, -1, -1, 200.0, 0.0);
CreateDynamicObject(19454, 2231.09570, -256.91501, 13.77100,   0.00000, 0.00000, 90.00000, -1, -1, -1, 200.0, 0.0);
CreateDynamicObject(19456, 2280.72021, -244.07710, 16.90850,   0.00000, 0.00000, 0.00000, -1, -1, -1, 200.0, 0.0);
CreateDynamicObject(19456, 2280.72021, -234.44299, 16.90850,   0.00000, 0.00000, 0.00000, -1, -1, -1, 200.0, 0.0);
CreateDynamicObject(19456, 2277.97314, -225.73030, 16.90850,   0.00000, 0.00000, 35.00000, -1, -1, -1, 200.0, 0.0);
CreateDynamicObject(19456, 2267.00830, -210.08839, 16.90850,   0.00000, 0.00000, 35.00000, -1, -1, -1, 200.0, 0.0);
CreateDynamicObject(19456, 2261.48291, -202.19460, 16.90850,   0.00000, 0.00000, 35.00000, -1, -1, -1, 200.0, 0.0);
CreateDynamicObject(19456, 2253.97314, -198.28529, 16.90850,   0.00000, 0.00000, 90.00000, -1, -1, -1, 200.0, 0.0);
CreateDynamicObject(19456, 2244.34009, -198.28551, 16.90850,   0.00000, 0.00000, 90.00000, -1, -1, -1, 200.0, 0.0);
CreateDynamicObject(19456, 2236.16992, -198.28470, 16.90850,   0.00000, 0.00000, 90.00000, -1, -1, -1, 200.0, 0.0);
CreateDynamicObject(758, 2230.49438, -197.95172, 14.88610,   0.00000, 0.00000, 0.00000, -1, -1, -1, 200.0, 0.0);
CreateDynamicObject(758, 2227.70020, -198.12320, 15.11110,   0.00000, 0.00000, 0.00000, -1, -1, -1, 200.0, 0.0);
CreateDynamicObject(758, 2227.71313, -197.35808, 13.53610,   0.00000, 0.00000, 0.00000, -1, -1, -1, 200.0, 0.0);
CreateDynamicObject(628, 2219.08911, -252.63721, 17.15780,   0.00000, 0.00000, 0.00000, -1, -1, -1, 200.0, 0.0);
CreateDynamicObject(628, 2229.36646, -252.57164, 17.15780,   0.00000, 0.00000, 0.00000, -1, -1, -1, 200.0, 0.0);
CreateDynamicObject(628, 2219.43701, -230.60062, 17.15780,   0.00000, 0.00000, 0.00000, -1, -1, -1, 200.0, 0.0);
CreateDynamicObject(648, 2253.46411, -255.65031, 15.17690,   0.00000, 0.00000, -130.00000, -1, -1, -1, 200.0, 0.0);
CreateDynamicObject(648, 2243.40991, -255.49083, 15.17690,   0.00000, 0.00000, -130.00000, -1, -1, -1, 200.0, 0.0);
CreateDynamicObject(648, 2233.51050, -255.10187, 15.17690,   0.00000, 0.00000, -130.00000, -1, -1, -1, 200.0, 0.0);
CreateDynamicObject(652, 2214.58008, -235.28940, 15.27400,   0.00000, 0.00000, 0.00000, -1, -1, -1, 200.0, 0.0);
CreateDynamicObject(652, 2214.48364, -248.36990, 14.35000,   0.00000, 0.00000, 0.00000, -1, -1, -1, 200.0, 0.0);
CreateDynamicObject(1280, 2214.86719, -222.30580, 15.57690,   0.00000, 0.00000, -2.00000, -1, -1, -1, 200.0, 0.0);
CreateDynamicObject(643, 2237.42871, -250.84032, 15.66280,   0.00000, 0.00000, 0.00000, -1, -1, -1, 200.0, 0.0);
CreateDynamicObject(628, 2214.87695, -224.83023, 17.15780,   0.00000, 0.00000, 0.00000, -1, -1, -1, 200.0, 0.0);
CreateDynamicObject(628, 2215.09961, -219.97528, 17.15780,   0.00000, 0.00000, 0.00000, -1, -1, -1, 200.0, 0.0);
CreateDynamicObject(3928, 2252.18408, -205.93515, 15.19370,   0.00000, 0.00000, 0.00000, -1, -1, -1, 200.0, 0.0);
CreateDynamicObject(11737, 2269.03687, -212.82359, 17.14120,   90.00000, 0.00000, 125.00000, -1, -1, -1, 200.0, 0.0);
CreateDynamicObject(640, 2211.95337, -211.00424, 15.88370,   0.00000, 0.00000, 0.00000, -1, -1, -1, 200.0, 0.0);
CreateDynamicObject(640, 2211.95679, -216.38100, 15.88370,   0.00000, 0.00000, 0.00000, -1, -1, -1, 200.0, 0.0);
CreateDynamicObject(896, 2212.47070, -241.24670, 4.86600,   0.00000, 0.00000, -50.00000, -1, -1, -1, 200.0, 0.0);
CreateDynamicObject(896, 2217.11328, -230.16711, 4.86600,   0.00000, 0.00000, 20.00000, -1, -1, -1, 200.0, 0.0);
CreateDynamicObject(19377, 2211.60132, -251.21500, 9.95160,   -0.00800, 0.00000, 0.00000, -1, -1, -1, 200.0, 0.0);
 
 
•Portões:
Esquerdo:  CreateDynamicObject(19870, 2275.25269, -221.82919, 16.95340,   0.00000, 0.00000, 125.00000);
Direito:   CreateDynamicObject(19870, 2269.77734, -213.98920, 16.95340,   0.00000, 0.00000, 305.00000);
 
 
•Posição do portão aberto:
Esquerdo:  2275.25269, -221.82919, 16.95340,   0.00000, 0.00000, 35.00000
Direito:   2269.77734, -213.98923, 16.95340,   0.00000, 0.00000, 395.00000
 
 
•Créditos:
 Felippe Biazi (https://www.facebook.com/felippe.biazi)