//Creditos Jimmy BNM IP: 198.15.64.6:7778 

CreateObject(8357, 852.799805, -2174.099609, 11.910001, 0.000000, 0.000000, 0.000000); //object (vgsSairportland14) (4)
CreateObject(8357, 889.199219, -2174.099609, 11.910001, 0.000000, 0.000000, 0.000000); //object (vgsSairportland14) (5)
CreateObject(8357, 925.099976, -2174.100098, 11.910001, 0.000000, 0.000000, 0.000000); //object (vgsSairportland14) (6)
CreateObject(8357, 780.500000, -2174.100098, 11.910001, 0.000000, 0.000000, 0.000000); //object (vgsSairportland14) (7)
CreateObject(8357, 744.299988, -2174.100098, 11.910001, 0.000000, 0.000000, 0.000000); //object (vgsSairportland14) (8)
CreateObject(8357, 709.200012, -2174.100098, 11.910001, 0.000000, 0.000000, 0.000000); //object (vgsSairportland14) (9)
CreateObject(8357, 671.400024, -2174.099609, 11.910001, 0.000000, 0.000000, 0.000000); //object (vgsSairportland14) (10)
CreateObject(8357, 636.200012, -2174.099609, 11.910001, 0.000000, 0.000000, 0.000000); //object (vgsSairportland14) (11)
CreateObject(8357, 599.599609, -2174.099609, 11.910001, 0.000000, 0.000000, 0.000000); //object (vgsSairportland14) (12)
CreateObject(8357, 563.500000, -2174.100098, 11.910001, 0.000000, 0.000000, 0.000000); //object (vgsSairportland14) (13)
CreateObject(8357, 527.099976, -2174.099609, 11.910001, 0.000000, 0.000000, 0.000000); //object (vgsSairportland14) (14)
CreateObject(8357, 490.599609, -2174.099609, 11.910001, 0.000000, 0.000000, 0.000000); //object (vgsSairportland14) (15)
CreateObject(8357, 838.599976, -2299.899902, 11.910001, 0.000000, 0.000000, 90.000000); //object (vgsSairportland14) (16)
CreateObject(8357, 626.000000, -2299.899902, 11.910001, 0.000000, 0.000000, 90.000000); //object (vgsSairportland14) (17)
CreateObject(8357, 454.799988, -2174.100098, 11.910001, 0.000000, 0.000000, 0.000000); //object (vgsSairportland14) (18)
CreateObject(8355, 504.299988, -2299.899902, 11.910001, 0.000000, 0.000000, 90.000000); //object (vgsSairportland18) (10)
CreateObject(8657, 869.099976, -2067.899902, 13.100000, 0.000000, 0.000000, 90.000000); //object (shbbyhswall10_lvs) (1)
CreateObject(8657, 899.299988, -2067.899902, 13.100000, 0.000000, 0.000000, 90.000000); //object (shbbyhswall10_lvs) (2)
CreateObject(8657, 929.200012, -2067.800049, 13.100000, 0.000000, 0.000000, 90.000000); //object (shbbyhswall10_lvs) (3)
CreateObject(8657, 944.400024, -2082.800049, 13.100000, 0.000000, 0.000000, 0.000000); //object (shbbyhswall10_lvs) (4)
CreateObject(8657, 944.400024, -2113.399902, 13.100000, 0.000000, 0.000000, 0.000000); //object (shbbyhswall10_lvs) (5)
CreateObject(8657, 944.500000, -2144.100098, 13.100000, 0.000000, 0.000000, 0.000000); //object (shbbyhswall10_lvs) (6)
CreateObject(8657, 944.500000, -2174.899902, 13.100000, 0.000000, 0.000000, 0.000000); //object (shbbyhswall10_lvs) (7)
CreateObject(8657, 944.599976, -2205.699951, 13.100000, 0.000000, 0.000000, 0.000000); //object (shbbyhswall10_lvs) (8)
CreateObject(8657, 944.700012, -2236.300049, 13.100000, 0.000000, 0.000000, 0.000000); //object (shbbyhswall10_lvs) (9)
CreateObject(8657, 944.699219, -2267.199219, 13.100000, 0.000000, 0.000000, 0.000000); //object (shbbyhswall10_lvs) (10)
CreateObject(8657, 944.799988, -2284.699951, 13.100000, 0.000000, 0.000000, 0.000000); //object (shbbyhswall10_lvs) (11)
CreateObject(8657, 944.799988, -2304.100098, 13.100000, 0.000000, 0.000000, 0.000000); //object (shbbyhswall10_lvs) (12)
CreateObject(8657, 928.700012, -2285.399902, 13.700000, 0.000000, 0.000000, 90.000000); //object (shbbyhswall10_lvs) (13)
CreateObject(8657, 929.799988, -2319.300049, 13.100000, 0.000000, 0.000000, 90.000000); //object (shbbyhswall10_lvs) (14)
CreateObject(8657, 898.900024, -2319.399902, 13.100000, 0.000000, 0.000000, 90.000000); //object (shbbyhswall10_lvs) (15)
CreateObject(8657, 868.000000, -2319.399902, 13.100000, 0.000000, 0.000000, 90.000000); //object (shbbyhswall10_lvs) (16)
CreateObject(8657, 837.200012, -2319.399902, 13.100000, 0.000000, 0.000000, 90.000000); //object (shbbyhswall10_lvs) (17)
CreateObject(8657, 806.299988, -2319.399902, 13.100000, 0.000000, 0.000000, 90.000000); //object (shbbyhswall10_lvs) (18)
CreateObject(8657, 775.299988, -2319.399902, 13.100000, 0.000000, 0.000000, 90.000000); //object (shbbyhswall10_lvs) (19)
CreateObject(8657, 744.299988, -2319.399902, 13.100000, 0.000000, 0.000000, 90.000000); //object (shbbyhswall10_lvs) (20)
CreateObject(8657, 713.400024, -2319.399902, 13.100000, 0.000000, 0.000000, 90.000000); //object (shbbyhswall10_lvs) (21)
CreateObject(8657, 682.400024, -2319.500000, 13.100000, 0.000000, 0.000000, 90.000000); //object (shbbyhswall10_lvs) (22)
CreateObject(8657, 651.500000, -2319.600098, 13.100000, 0.000000, 0.000000, 90.000000); //object (shbbyhswall10_lvs) (23)
CreateObject(8657, 620.400024, -2319.600098, 13.100000, 0.000000, 0.000000, 90.000000); //object (shbbyhswall10_lvs) (24)
CreateObject(8657, 589.299988, -2319.600098, 13.100000, 0.000000, 0.000000, 90.000000); //object (shbbyhswall10_lvs) (25)
CreateObject(8657, 558.299988, -2319.600098, 13.100000, 0.000000, 0.000000, 90.000000); //object (shbbyhswall10_lvs) (26)
CreateObject(8657, 527.200012, -2319.699951, 13.100000, 0.000000, 0.000000, 90.000000); //object (shbbyhswall10_lvs) (27)
CreateObject(8657, 496.100006, -2319.800049, 13.100000, 0.000000, 0.000000, 90.000000); //object (shbbyhswall10_lvs) (28)
CreateObject(8657, 473.100006, -2319.699951, 13.100000, 0.000000, 0.000000, 90.000000); //object (shbbyhswall10_lvs) (29)
CreateObject(8657, 451.100006, -2319.800049, 13.100000, 0.000000, 0.000000, 90.000000); //object (shbbyhswall10_lvs) (30)
CreateObject(8657, 435.600006, -2304.800049, 13.100000, 0.000000, 0.000000, 0.000000); //object (shbbyhswall10_lvs) (31)
CreateObject(8657, 435.700012, -2274.100098, 13.100000, 0.000000, 0.000000, 0.000000); //object (shbbyhswall10_lvs) (32)
CreateObject(8657, 451.700012, -2283.699951, 13.100000, 0.000000, 0.000000, 90.000000); //object (shbbyhswall10_lvs) (33)
CreateObject(8657, 435.600006, -2243.000000, 13.100000, 0.000000, 0.000000, 0.000000); //object (shbbyhswall10_lvs) (34)
CreateObject(8657, 435.600006, -2212.000000, 13.100000, 0.000000, 0.000000, 0.000000); //object (shbbyhswall10_lvs) (35)
CreateObject(8657, 435.600006, -2181.100098, 13.100000, 0.000000, 0.000000, 0.000000); //object (shbbyhswall10_lvs) (36)
CreateObject(8657, 435.600006, -2150.199951, 13.100000, 0.000000, 0.000000, 0.000000); //object (shbbyhswall10_lvs) (37)
CreateObject(8657, 435.600006, -2119.199951, 13.100000, 0.000000, 0.000000, 0.000000); //object (shbbyhswall10_lvs) (38)
CreateObject(8657, 435.600006, -2099.199951, 13.100000, 0.000000, 0.000000, 0.000000); //object (shbbyhswall10_lvs) (39)
CreateObject(8657, 435.600006, -2083.300049, 13.100000, 0.000000, 0.000000, 0.000000); //object (shbbyhswall10_lvs) (40)
CreateObject(8657, 451.700012, -2068.199951, 13.100000, 0.000000, 0.000000, 90.000000); //object (shbbyhswall10_lvs) (41)
CreateObject(8657, 482.700012, -2068.100098, 13.100000, 0.000000, 0.000000, 90.000000); //object (shbbyhswall10_lvs) (42)
CreateObject(8657, 513.700012, -2068.000000, 13.100000, 0.000000, 0.000000, 90.000000); //object (shbbyhswall10_lvs) (43)
CreateObject(8657, 544.700012, -2068.100098, 13.100000, 0.000000, 0.000000, 90.000000); //object (shbbyhswall10_lvs) (44)
CreateObject(8657, 575.500000, -2068.100098, 13.100000, 0.000000, 0.000000, 90.000000); //object (shbbyhswall10_lvs) (45)
CreateObject(8657, 606.599976, -2068.100098, 13.100000, 0.000000, 0.000000, 90.000000); //object (shbbyhswall10_lvs) (46)
CreateObject(8657, 637.599976, -2068.100098, 13.100000, 0.000000, 0.000000, 90.000000); //object (shbbyhswall10_lvs) (47)
CreateObject(8657, 668.699219, -2068.000000, 13.100000, 0.000000, 0.000000, 90.000000); //object (shbbyhswall10_lvs) (48)
CreateObject(8657, 699.699219, -2068.000000, 13.100000, 0.000000, 0.000000, 90.000000); //object (shbbyhswall10_lvs) (49)
CreateObject(8657, 730.700012, -2068.000000, 13.100000, 0.000000, 0.000000, 90.000000); //object (shbbyhswall10_lvs) (50)
CreateObject(8657, 761.599976, -2067.899902, 13.100000, 0.000000, 0.000000, 90.000000); //object (shbbyhswall10_lvs) (51)
CreateObject(8657, 787.200012, -2067.899902, 13.100000, 0.000000, 0.000000, 90.000000); //object (shbbyhswall10_lvs) (52)
CreateObject(8657, 803.900024, -2067.899902, 13.100000, 0.000000, 0.000000, 90.000000); //object (shbbyhswall10_lvs) (53)
CreateObject(8620, 844.799988, -2059.100098, 34.900002, 0.000000, 0.000000, 0.000000); //object (exclbrsign01_lvS) (1)
CreateObject(8620, 827.599976, -2059.100098, 34.900002, 0.000000, 0.000000, 0.000000); //object (exclbrsign01_lvS) (2)
CreateObject(8620, 845.299988, -1961.400024, 34.900002, 0.000000, 0.000000, 0.000000); //object (exclbrsign01_lvS) (3)
CreateObject(8620, 828.200012, -1961.199951, 34.900002, 0.000000, 0.000000, 0.000000); //object (exclbrsign01_lvS) (4)
CreateObject(3511, 834.900024, -2122.300049, 11.900000, 0.000000, 0.000000, 0.000000); //object (VgsN_nitree_b01) (1)
CreateObject(7953, 835.299988, -2165.100098, 12.600000, 0.000000, 0.000000, 0.000000); //object (miragehedge04) (1)
CreateObject(8357, 816.900024, -2174.100098, 11.910001, 0.000000, 0.000000, 0.000000); //object (vgsSairportland14) (19)
CreateObject(3511, 834.700012, -2165.899902, 11.900000, 0.000000, 0.000000, 0.000000); //object (VgsN_nitree_b01) (2)
CreateObject(3511, 835.099976, -2208.399902, 11.900000, 0.000000, 0.000000, 0.000000); //object (VgsN_nitree_b01) (3)
CreateObject(3310, 931.099976, -2080.899902, 14.099999, 0.000000, 0.000000, 0.000000); //object (sw_woodhaus04) (1)
CreateObject(3311, 931.400024, -2105.800049, 14.820001, 0.000000, 0.000000, 270.000000); //object (sw_woodhaus01a) (1)
CreateObject(3313, 931.500000, -2131.000000, 14.800000, 0.000000, 0.000000, 270.000000); //object (sw_woodhaus03) (1)
CreateObject(3312, 931.700012, -2156.000000, 14.900001, 0.000000, 0.000000, 0.000000); //object (sw_woodhaus02) (1)
CreateObject(3311, 931.799988, -2180.899902, 14.900001, 0.000000, 0.000000, 270.000000); //object (sw_woodhaus01a) (2)
CreateObject(3313, 931.900024, -2206.000000, 14.799999, 0.000000, 0.000000, 270.000000); //object (sw_woodhaus03) (2)
CreateObject(3313, 931.900024, -2231.100098, 15.000000, 0.000000, 0.000000, 270.000000); //object (sw_woodhaus03) (3)
CreateObject(3313, 932.000000, -2256.199951, 14.999998, 0.000000, 0.000000, 270.000000); //object (sw_woodhaus03) (4)
CreateObject(7885, 871.200012, -2304.199951, 11.900000, 0.000000, 0.000000, 270.000000); //object (vegasglfhse1) (1)
CreateObject(9241, 930.200012, -2300.000000, 14.000000, 0.000000, 0.000000, 270.000000); //object (copbits_sfn) (1)
CreateObject(9241, 454.000000, -2301.899902, 14.000000, 0.000000, 0.000000, 180.000000); //object (copbits_sfn) (2)
CreateObject(3446, 929.799988, -2276.100098, 15.400001, 0.000000, 0.000000, 270.000000); //object (vegasxrexhse10) (1)
CreateObject(3485, 885.400024, -2111.100098, 18.900000, 0.000000, 0.000000, 270.000000); //object (vegasxrexhse04) (1)
CreateObject(3486, 885.900024, -2140.699951, 18.900000, 0.000000, 0.000000, 270.000000); //object (vegasxrexhse05) (1)
CreateObject(3485, 885.799988, -2171.199951, 18.900000, 0.000000, 0.000000, 270.000000); //object (vegasxrexhse04) (2)
CreateObject(3483, 885.799988, -2201.300049, 18.900000, 0.000000, 0.000000, 270.000000); //object (vegasxrexhse09) (1)
CreateObject(3487, 885.599976, -2225.300049, 18.600000, 0.000000, 0.000000, 270.000000); //object (vegasxrexhse06) (1)
CreateObject(3488, 885.799988, -2246.100098, 18.400000, 0.000000, 0.000000, 270.000000); //object (vegasxrexhse07) (2)
CreateObject(3488, 784.099976, -2105.699951, 18.400000, 0.000000, 0.000000, 90.000000); //object (vegasxrexhse07) (3)
CreateObject(3487, 784.000000, -2126.699951, 18.600000, 0.000000, 0.000000, 90.000000); //object (vegasxrexhse06) (2)
CreateObject(3486, 783.799988, -2152.300049, 18.900000, 0.000000, 0.000000, 90.000000); //object (vegasxrexhse05) (3)
CreateObject(3485, 784.099976, -2182.500000, 18.900000, 0.000000, 0.000000, 90.000000); //object (vegasxrexhse04) (3)
CreateObject(3484, 783.900024, -2212.699951, 18.600000, 0.000000, 0.000000, 90.000000); //object (vegasxrexhse03) (1)
CreateObject(3483, 784.000000, -2243.000000, 18.900000, 0.000000, 0.000000, 90.000000); //object (vegasxrexhse09) (2)
CreateObject(3314, 748.400024, -2103.699951, 12.900000, 0.000000, 0.000000, 270.000000); //object (sw_bigburb_04) (1)
CreateObject(3315, 748.500000, -2136.399902, 12.900000, 0.000000, 0.000000, 270.000000); //object (sw_bigburb_03) (1)
CreateObject(3316, 747.900024, -2157.100098, 15.200000, 0.000000, 0.000000, 270.000000); //object (sw_bigburb_02) (1)
CreateObject(3317, 748.000000, -2182.199951, 15.200000, 0.000000, 0.000000, 270.000000); //object (sw_bigburb_01) (1)
CreateObject(3351, 747.900024, -2207.199951, 15.200000, 0.000000, 0.000000, 270.000000); //object (sw_bigburbsave) (1)
CreateObject(3353, 748.500000, -2236.000000, 12.900000, 0.000000, 0.000000, 270.000000); //object (sw_bigburbsave2) (1)
CreateObject(3445, 743.900024, -2252.199951, 15.000000, 0.000000, 0.000000, 270.000000); //object (vegasxrexhse08) (1)
CreateObject(7526, 663.000000, -2192.500000, 11.900000, 0.000000, 0.000000, 0.000000); //object (vgncarshow1) (2)
CreateObject(1676, 669.900024, -2157.600098, 13.800000, 0.000000, 0.000000, 90.000000); //object (washgaspump) (3)
CreateObject(1676, 669.200012, -2155.199951, 13.800000, 0.000000, 0.000000, 90.000000); //object (washgaspump) (4)
CreateObject(1676, 669.400024, -2140.399902, 13.800000, 0.000000, 0.000000, 270.000000); //object (washgaspump) (5)
CreateObject(1676, 669.599976, -2137.800049, 13.800000, 0.000000, 0.000000, 270.000000); //object (washgaspump) (6)
CreateObject(1676, 670.099976, -2144.800049, 13.800000, 0.000000, 0.000000, 90.000000); //object (washgaspump) (9)
CreateObject(1676, 670.099976, -2147.300049, 13.800000, 0.000000, 0.000000, 90.000000); //object (washgaspump) (10)
CreateObject(1676, 670.400024, -2130.000000, 13.800000, 0.000000, 0.000000, 90.000000); //object (washgaspump) (11)
CreateObject(1676, 670.200012, -2132.500000, 13.800000, 0.000000, 0.000000, 90.000000); //object (washgaspump) (12)
CreateObject(8357, 708.299805, -2174.099609, 11.910001, 0.000000, 0.000000, 0.000000); //object (vgsSairportland14) (9)
CreateObject(8357, 708.299805, -2174.099609, 11.910001, 0.000000, 0.000000, 0.000000); //object (vgsSairportland14) (9)
CreateObject(8357, 708.299805, -2174.099609, 11.910001, 0.000000, 0.000000, 0.000000); //object (vgsSairportland14) (9)
CreateObject(7952, 708.000000, -2168.800049, 12.600000, 0.000000, 0.000000, 0.000000); //object (miragehedge09) (1)
CreateObject(712, 708.099976, -2146.000000, 21.500000, 0.000000, 0.000000, 0.000000); //object (vgs_palm03) (1)
CreateObject(712, 709.000000, -2189.399902, 21.500000, 0.000000, 0.000000, 0.000000); //object (vgs_palm03) (2)
CreateObject(9193, 686.099976, -2116.199951, 16.799999, 0.000000, 0.000000, 90.000000); //object (vgegassgn03_lvs) (1)
CreateObject(8841, 669.099976, -2142.199951, 15.200000, 0.000000, 0.000000, 90.000000); //object (rsdncarprk01_lvs) (1)
CreateObject(3485, 597.400024, -2112.000000, 18.900000, 0.000000, 0.000000, 90.000000); //object (vegasxrexhse04) (4)
CreateObject(3485, 597.400024, -2142.100098, 18.900000, 0.000000, 0.000000, 90.000000); //object (vegasxrexhse04) (5)
CreateObject(3485, 597.500000, -2172.199951, 18.900000, 0.000000, 0.000000, 90.000000); //object (vegasxrexhse04) (6)
CreateObject(3486, 597.500000, -2202.399902, 18.900000, 0.000000, 0.000000, 90.000000); //object (vegasxrexhse05) (4)
CreateObject(3483, 597.500000, -2232.600098, 18.900000, 0.000000, 0.000000, 90.000000); //object (vegasxrexhse09) (3)
CreateObject(3483, 563.500000, -2111.899902, 18.900000, 0.000000, 0.000000, 270.000000); //object (vegasxrexhse09) (4)
CreateObject(3488, 563.099976, -2137.600098, 18.400000, 0.000000, 0.000000, 270.000000); //object (vegasxrexhse07) (5)
CreateObject(3487, 563.200012, -2158.600098, 18.600000, 0.000000, 0.000000, 270.000000); //object (vegasxrexhse06) (3)
CreateObject(3487, 564.900024, -2179.699951, 18.600000, 0.000000, 0.000000, 270.000000); //object (vegasxrexhse06) (4)
CreateObject(3486, 565.099976, -2205.000000, 18.900000, 0.000000, 0.000000, 270.000000); //object (vegasxrexhse05) (5)
CreateObject(3485, 564.900024, -2235.000000, 19.000000, 0.000000, 0.000000, 270.000000); //object (vegasxrexhse04) (7)
CreateObject(3317, 486.899994, -2109.199951, 15.200000, 0.000000, 0.000000, 90.000000); //object (sw_bigburb_01) (2)
CreateObject(3317, 486.799988, -2134.100098, 15.200000, 0.000000, 0.000000, 90.000000); //object (sw_bigburb_01) (3)
CreateObject(3315, 486.200012, -2155.199951, 12.900000, 0.000000, 0.000000, 90.000000); //object (sw_bigburb_03) (2)
CreateObject(3315, 486.100006, -2180.100098, 12.900000, 0.000000, 0.000000, 90.000000); //object (sw_bigburb_03) (3)
CreateObject(3315, 486.200012, -2205.000000, 12.900000, 0.000000, 0.000000, 90.000000); //object (sw_bigburb_03) (4)
CreateObject(3314, 486.100006, -2238.000000, 12.900000, 0.000000, 0.000000, 90.000000); //object (sw_bigburb_04) (2)
CreateObject(3314, 492.899994, -2299.300049, 12.900000, 0.000000, 0.000000, 180.000000); //object (sw_bigburb_04) (3)
CreateObject(3314, 517.900024, -2299.199951, 12.900000, 0.000000, 0.000000, 180.000000); //object (sw_bigburb_04) (4)
CreateObject(3314, 542.900024, -2299.300049, 12.900000, 0.000000, 0.000000, 180.000000); //object (sw_bigburb_04) (5)
CreateObject(3315, 559.900024, -2299.399902, 12.900000, 0.000000, 0.000000, 180.000000); //object (sw_bigburb_03) (5)
CreateObject(3315, 584.900024, -2299.500000, 12.900000, 0.000000, 0.000000, 180.000000); //object (sw_bigburb_03) (6)
CreateObject(3316, 614.099976, -2299.000000, 15.200000, 0.000000, 0.000000, 180.000000); //object (sw_bigburb_02) (2)
CreateObject(3316, 639.400024, -2299.000000, 15.200000, 0.000000, 0.000000, 180.000000); //object (sw_bigburb_02) (3)
CreateObject(3316, 664.400024, -2299.199951, 15.200000, 0.000000, 0.000000, 180.000000); //object (sw_bigburb_02) (4)
CreateObject(3317, 689.299988, -2299.300049, 15.200000, 0.000000, 0.000000, 180.000000); //object (sw_bigburb_01) (4)
CreateObject(3317, 714.400024, -2299.199951, 15.200000, 0.000000, 0.000000, 180.000000); //object (sw_bigburb_01) (5)
CreateObject(3603, 808.299988, -2301.100098, 17.799999, 0.000000, 0.000000, 0.000000); //object (bevman_LAW2) (1)
CreateObject(3604, 781.500000, -2303.100098, 14.500000, 0.000000, 0.000000, 180.000000); //object (bevmangar_LAW2) (1)
CreateObject(3605, 754.700012, -2299.800049, 18.000000, 0.000000, 0.000000, 0.000000); //object (bevman3_LAW2) (1)
CreateObject(7387, 682.400024, -2246.000000, 11.900000, 0.000000, 0.000000, 0.000000); //object (vgnboigashot15) (1)
CreateObject(1569, 673.500000, -2250.000000, 11.900000, 0.000000, 0.000000, 90.000000); //object (ADAM_V_DOOR) (1)
CreateObject(1569, 746.200012, -2210.500000, 13.500000, 0.000000, 0.000000, 90.000000); //object (ADAM_V_DOOR) (2)
CreateObject(1569, 743.700012, -2233.699951, 13.600000, 0.000000, 0.000000, 90.000000); //object (ADAM_V_DOOR) (3)