RemoveBuildingForPlayer(playerid, 5817, 848.8594, -1370.4297, 17.7969, 0.25);
RemoveBuildingForPlayer(playerid, 1440, 857.3750, -1381.1641, 13.0469, 0.25);
RemoveBuildingForPlayer(playerid, 1365, 861.9844, -1380.4609, 13.6250, 0.25);
RemoveBuildingForPlayer(playerid, 1462, 853.1953, -1359.7266, 12.5547, 0.25);
CreateObject(14537, 857.54761, -1364.62866, 14.61290,   0.00000, 0.00000, 358.03226);
CreateObject(1594, 851.83258, -1383.51709, 13.24226,   0.00000, 0.00000, 0.00000);
CreateObject(1594, 851.63947, -1374.52515, 13.22856,   0.00000, 0.00000, 0.00000);
CreateObject(1594, 863.56659, -1374.61731, 13.15771,   0.00000, 0.00000, 0.00000);
CreateObject(1594, 863.36530, -1383.51489, 13.28380,   0.00000, 0.00000, 0.00000);
CreateObject(1594, 857.58197, -1375.07019, 13.51832,   0.00000, 0.00000, 0.00000);
CreateObject(1594, 857.38495, -1383.78552, 13.42592,   0.00000, 0.00000, 0.00000);
CreateObject(1594, 857.49609, -1379.40320, 13.12291,   0.00000, 0.00000, 0.00000);
CreateObject(1594, 863.27045, -1379.35522, 13.51096,   0.00000, 0.00000, 0.00000);
CreateObject(1594, 851.71704, -1379.51953, 13.51096,   0.00000, 0.00000, 0.00000);
CreateObject(19611, 858.47009, -1373.41101, 12.69687,   0.00000, 0.00000, 289.92606);
CreateObject(19610, 857.86206, -1369.95203, 13.88788,   0.00000, 0.00000, 31.56763);
CreateObject(2923, 866.63275, -1370.39673, 12.59658,   0.00000, 0.00000, 268.38788);
CreateObject(1574, 866.75665, -1372.23438, 12.61988,   0.00000, 0.00000, 0.00000);
CreateObject(19820, 855.57770, -1369.01978, 13.77016,   0.00000, 0.00000, 0.00000);
CreateObject(11723, 857.83765, -1375.19153, 14.07016,   0.00000, 0.00000, 0.00000);
CreateObject(11722, 857.56891, -1374.92419, 14.04160,   0.00000, 0.00000, 0.00000);
CreateObject(1484, 855.71075, -1369.17346, 13.94060,   0.00000, 0.00000, 1.26825);
CreateObject(19820, 863.57977, -1374.62634, 13.53759,   0.00000, 0.00000, 0.00000);
CreateObject(19820, 851.66888, -1379.65015, 13.93959,   0.00000, 0.00000, 0.00000);
CreateObject(1484, 863.11890, -1383.73181, 13.84160,   0.00000, 0.00000, 0.00000);
CreateObject(19820, 863.07965, -1383.73010, 13.63859,   0.00000, 0.00000, 0.00000);
CreateObject(1228, 849.25995, -1384.78223, 13.20429,   0.00000, 0.00000, 87.58731);
CreateObject(1228, 851.01941, -1384.79578, 13.21336,   0.00000, 0.00000, 90.11619);
CreateObject(1228, 852.84906, -1384.80664, 13.18423,   0.00000, 0.00000, 87.06619);
CreateObject(1228, 853.50775, -1385.86206, 13.26811,   0.00000, 0.00000, 0.00000);
CreateObject(1228, 848.27466, -1385.75854, 13.08345,   0.00000, 0.00000, 0.00000);
CreateObject(1233, 866.41882, -1389.89795, 14.07026,   0.00000, 0.00000, 0.00000);
CreateObject(2395, 867.47174, -1365.57605, 12.45733,   0.00000, 0.00000, 268.73495);
CreateObject(2400, 867.49023, -1381.80823, 12.45044,   0.00000, 0.00000, 269.59537);
CreateObject(2395, 867.40973, -1374.49524, 12.45733,   0.00000, 0.00000, 270.68195);
CreateObject(2395, 867.38763, -1370.77820, 12.45530,   0.00000, 0.00000, 270.68195);
CreateObject(2395, 867.42218, -1367.12427, 12.45733,   0.00000, 0.00000, 269.25146);
CreateObject(2395, 867.45233, -1378.15039, 12.45733,   0.00000, 0.00000, 270.68195);
CreateObject(2395, 847.60162, -1383.94946, 12.45733,   0.00000, 0.00000, 91.31422);
CreateObject(2395, 847.52020, -1380.26282, 12.45733,   0.00000, 0.00000, 91.31422);
CreateObject(2395, 847.47925, -1377.42957, 12.45733,   0.00000, 0.00000, 90.37920);
CreateObject(2395, 847.52295, -1374.57471, 12.45733,   0.00000, 0.00000, 90.37920);
CreateObject(2395, 847.47925, -1377.42957, 12.45733,   0.00000, 0.00000, 90.37920);
CreateObject(2395, 847.47156, -1371.37463, 12.44103,   0.00000, 0.00000, 89.38308);
CreateObject(2400, 847.49567, -1367.82727, 12.50142,   0.00000, 0.00000, 88.16205);
CreateObject(2400, 847.62378, -1364.20862, 12.55103,   0.00000, 0.00000, 90.48605);
CreateObject(1732, 867.03900, -1377.87622, 13.48374,   0.00000, 0.00000, 270.23184);
CreateObject(1775, 848.03876, -1380.29834, 13.53961,   0.00000, 0.00000, 91.11806);
CreateObject(19825, 857.34814, -1369.90417, 16.33783,   0.00000, 0.00000, 359.49997);
CreateObject(954, 867.50360, -1378.89978, 13.71619,   0.00000, 0.00000, 273.07831);
CreateObject(13562, 846.73035, -1388.75513, 14.06688,   0.00000, 0.00000, 0.00000);
AddStaticVehicleEx(462,849.3777000,-1386.2583000,13.2427000,176.2779000,-1,-1,15);
AddStaticVehicleEx(462,851.6630000,-1386.1611000,13.2687000,177.7793000,-1,-1,15);
AddStaticVehicleEx(462,852.2957000,-1386.2198000,13.2747000,177.0703000,-1,-1,15);
AddStaticVehicleEx(462,851.0550000,-1386.1381000,13.2298000,178.4821000,-1,-1,15);
AddStaticVehicleEx(462,850.4964000,-1386.2402000,13.2427000,176.2779000,-1,-1,15);
AddStaticVehicleEx(462,849.9291000,-1386.2495000,13.2427000,176.2779000,-1,-1,15);
AddStaticVehicleEx(462,852.8976000,-1386.2089000,13.2747000,177.0703000,-1,-1,15);
AddStaticVehicleEx(420,857.7047000,-1391.5640000,13.0379000,89.1255000,-1,-1,15);
AddStaticVehicleEx(420,863.6245000,-1391.5228000,13.0379000,89.1255000,-1,-1,15);